100
782 786
412 421
29 30
110 112
347 349
763 767
630 638
26 32
960 964
560 565
538 548
448 449
821 828
575 584
107 113
276 285
57 61
383 393
140 144
592 602
205 207
61 70
160 161
106 115
866 873
535 544
840 846
289 290
739 747
234 244
658 665
419 422
695 705
946 953
749 758
473 481
1 2
408 409
14 24
804 807
994 998
396 404
595 602
982 987
612 621
822 824
514 517
496 501
222 225
34 37
778 779
164 173
861 863
178 179
381 382
656 665
76 78
939 944
899 907
727 735
156 157
155 157
28 29
85 91
339 343
564 566
697 704
679 684
252 253
195 197
600 606
509 512
764 770
433 443
980 984
845 855
599 609
407 415
441 445
897 900
907 917
436 440
428 432
150 152
91 100
370 375
639 646
337 346
691 696
92 100
722 725
58 60
127 132
436 445
677 678
307 315
786 792
70 73
376 382
807 813