Case #1: 1
0
2
0
2
5
Case #2: -1
-1
-2
Case #3: 0
0
0
Case #4: -1
-1
-2
Case #5: 232
40
216
336
502
41
0
45
702
30
407
104
105
612
511
232
334
179
770
535
552
179
0
540
331
760
464
748
28
182
0
93
220
241
635
0
333
483
186
233
432
178
846
433
120
319
90
3
0
375
367
22
821
5
789
3
382
42
355
264
17
117
22
185
3
34
23
154
696
41
444
118
50
0
78
0
240
299
208
27
822
13
412
56
96
0
658
32
2
112
187
753
534
294
276
145
23
128
181
90
654
402
642
421
723
285
66
129
269
503
253
283
212
914
875
26
227
0
529
121
12
88
86
85
127
38
476
0
179
533
279
246
409
153
74
573
371
10
501
507
93
42
0
158
338
509
146
384
50
247
0
783
260
253
306
732
470
616
357
142
90
708
433
0
447
159
540
261
211
378
161
345
25
414
108
759
213
25
141
226
214
167
360
322
418
599
300
244
265
784
784
12
505
201
546
28
376
85
435
397
17
68
48
756
7
667
404
486
253
423
32
58
688
149
247
563
154
371
413
854
0
547
155
35
458
77
161
186
0
117
3
50
193
377
827
544
15
45
47
14
581
334
830
552
214
340
66
378
129
156
217
133
268
200
358
501
35
71
459
0
128
210
79
239
103
45
168
39
23
0
181
190
540
92
488
0
120
329
705
23
62
288
29
521
216
675
327
558
57
170
208
551
119
39
243
48
0
497
9
642
384
466
718
413
547
47
81
0
53
87
34
0
61
803
230
406
166
39
111
318
482
731
105
499
9
61
273
189
832
314
25
473
16
221
57
835
259
0
53
5
260
251
595
309
48
110
343
519
664
222
305
567
868
375
324
0
0
51
207
0
0
706
15
6
234
3
361
345
91
136
239
83
2
736
119
513
436
686
46
94
347
44
323
318
242
24
26
515
174
624
71
43
712
728
505
29
31
106
200
625
0
593
196
17
309
0
100
82
918
42
446
230
169
77
0
163
308
716
352
69
60
373
761
6
698
218
0
167
29
501
385
237
636
56
40
320
105
566
206
624
233
444
543
396
411
569
61
206
483
0
190
26
15
363
0
359
416
648
0
109
78
375
279
295
26
154
0
709
346
366
338
192
715
126
97
621
130
535
76
127
322
336
244
242
742
22
0
145
526
0
152
177
532
480
41
506
313
404
549
308
516
488
550
46
147
342
201
35
476
104
148
29
200
512
162
575
5
29
361
155
231
216
744
741
125
2
842
589
115
212
583
371
228
181
395
418
19
410
750
120
0
385
202
54
117
147
198
328
643
41
53
214
63
607
255
125
137
389
50
39
20
355
238
546
636
58
145
580
164
787
0
100
348
0
465
740
842
659
138
149
25
4
0
78
296
428
133
427
112
279
20
325
0
168
97
38
319
366
454
102
76
239
529
283
497
821
197
93
222
596
189
592
159
555
343
62
832
0
296
243
659
0
29
193
25
396
226
590
475
190
193
23
789
665
274
41
143
0
67
202
98
68
34
358
111
354
170
285
92
310
584
201
58
259
89
582
147
415
140
379
32
209
172
430
64
438
425
36
125
355
0
399
97
364
658
824
61
296
518
447
122
80
2
52
594
69
0
363
93
586
324
54
564
364
6
465
111
384
217
861
402
241
11
204
272
19
0
826
7
16
116
269
132
66
128
14
437
459
0
226
174
324
410
234
168
194
19
150
219
0
237
19
55
499
237
354
361
205
316
339
4
134
403
52
261
114
16
597
335
141
445
365
717
361
124
130
0
26
83
253
633
497
101
0
140
349
61
576
434
253
5
52
0
793
156
115
54
465
637
130
75
334
361
329
428
45
816
0
825
310
685
593
330
667
41
430
25
403
296
694
324
0
428
44
421
150
54
602
98
271
516
136
88
48
625
118
806
559
129
451
76
276
238
37
0
67
455
37
622
451
81
157
42
298
276
671
119
533
112
402
303
270
180
62
272
750
541
371
497
593
301
138
40
65
311
16
204
713
90
117
563
421
313
340
35
124
41
492
77
184
262
802
8
16
310
21
34
28
231
273
492
326
0
604
252
580
745
645
513
151
370
0
295
56
251
19
460
454
204
93
32
118
289
91
395
314
273
656
426
187
791
129
191
161
18
244
63
313
491
161
138
0
96
367
68
476
133
211
0
614
810
285
740
414
0
428
250
276
546
894
375
342
0
482
73
253
212
40
401
34
427
172
379
0
289
45
192
420
336
324
467
380
220
42
295
353
762
35
40
108
56
481
466
610
0
45
817
0
0
129
644
203
0
188
493
0
0
316
444
350
32
134
526
76
184
619
42
0
447
338
272616
