100
2295773
6513281
3323191
928009
592432
9
1264969
4125389
9999998
3702389
7203246
12
4461641
5
2610613
9010879
8873129
4461642
8184167
2360890
86293
140839
3191803
10
3
2044523
1144
6865010
9999163
9999931
9999999
3855409
390548
6697461
11
9999972
3877633
4046177
559513
6463741
4170220
1
8697851
9999971
9682616
8
2872729
9987391
13
10000000
3132736
9999995
9999973
7551991
1862603
1281246
9999929
6735763
3910981
9999161
9999997
3410821
3929879
5331653
8763892
3949061
5388168
6
6537523
9516811
6716541
4461643
9999930
1507483
5001361
8248729
9999162
9309119
6704676
4572049
9999991
1403870
9971849
7
8237213
5462959
4
5094841
8460583
7783893
8291470
9325574
615403
9999996
2
9299449
3023326
4751053
6987083
4936439
